4294967279,375
4294967279,374
4294967278,564
4294967278,563
265,5
4294967279,373
4294967279,372
4294967278,562
4294967278,561
4294967278,560
4294967278,559
4294967278,556
4294967279,371
4294967279,370
4294967279,369
4294967279,368
4294967279,367
4294967278,365
4294967279,366
4294967278,363
262,783
262,782
262,781
262,780
262,779
262,778
262,777
262,776
262,775
262,774
262,773
262,772
262,771
262,770
4294967278,554
262,769
262,768
262,767
262,766
262,765
262,764
262,763
262,762
262,761
262,760
262,759
262,758
262,757
262,756
262,755
262,754
262,753
262,752
262,751
4294967279,459
262,750
262,749
262,748
262,747
262,746
262,745
262,744
262,743
262,742
262,741
262,740
262,739
262,738
262,737
262,736
262,735
262,734
262,733
262,732
262,731
262,730
262,729
262,728
262,727
262,726
262,725
262,724
262,723
262,722
262,721
262,720
262,719
262,718
262,717
262,716
262,715
262,714
262,713
262,712
262,711
262,710
262,709
262,708
262,707
262,706
262,705
262,704
262,703
262,702
262,701
262,700
262,699
262,698
262,697
262,696
262,695
262,694
262,693
262,692
262,691
262,690
262,689
262,688
262,687
262,686
262,685
262,684
262,683
262,682
262,681
262,680
262,679
262,678
262,677
262,676
262,675
262,674
262,673
262,672
262,671
262,670
262,669
262,668
262,667
262,666
262,665
262,664
262,663
262,662
262,661
262,660
262,659
262,658
262,657
262,656
262,655
262,654
262,653
262,652
262,651
262,650
262,649
262,648
262,647
262,646
262,645
262,644
262,643
262,642
262,641
262,640
262,639
262,638
262,637
262,636
262,635
262,634
262,633
262,632
262,631
262,630
262,629
262,628
262,627
262,626
262,625
262,624
262,623
262,622
262,621
262,620
262,619
262,618
262,617
262,616
262,615
262,614
262,613
262,612
262,611
262,610
262,609
262,608
262,607
262,606
262,605
262,604
262,603
262,602
262,601
262,600
262,599
262,598
262,597
262,596
262,595
262,594
262,593
262,592
262,591
262,590
262,589
262,588
262,587
262,586
262,585
262,584
262,583
262,582
262,581
262,580
262,579
262,578
262,577
262,576
262,575
262,574
262,573
262,572
262,571
262,570
262,569
262,568
262,567
262,566
262,565
262,564
262,563
262,562
262,561
262,560
262,559
262,558
262,557
262,556
262,555
262,554
262,553
262,552
262,551
262,550
262,549
262,548
262,547
262,546
262,545
262,544
262,543
262,542
262,541
262,540
262,539
262,538
262,537
262,536
262,535
262,534
262,533
262,532
262,531
262,530
262,529
262,528
262,527
262,526
262,525
262,524
262,523
262,522
262,521
262,520
262,519
262,518
262,517
262,516
262,515
262,514
262,513
262,512
262,511
262,510
262,509
262,508
262,507
262,506
262,505
262,504
262,503
262,502
262,501
262,500
262,499
262,498
262,497
262,496
262,495
262,494
262,493
262,492
262,491
262,490
262,489
262,488
262,487
262,486
262,485
262,484
262,483
262,482
262,481
262,480
262,479
262,478
262,477
262,476
262,475
262,474
262,473
262,472
262,471
262,470
262,469
262,468
262,467
262,466
262,465
262,464
262,463
262,462
262,461
262,460
262,459
262,458
262,457
262,456
262,455
262,454
262,453
262,452
262,451
262,450
262,449
262,448
262,447
262,446
262,445
262,444
262,443
262,442
262,441
262,440
262,439
262,438
262,437
262,436
262,435
262,434
262,433
262,432
262,431
262,430
262,429
262,428
262,427
262,426
262,425
262,424
262,423
262,422
262,421
262,420
262,419
262,418
262,417
262,416
262,415
262,414
262,413
262,412
262,411
262,410
262,409
262,408
262,407
262,406
262,405
262,404
262,403
262,402
262,401
262,400
262,399
262,398
262,397
262,396
262,395
262,394
262,393
262,392
262,391
262,390
262,389
262,388
262,387
262,386
262,385
262,384
262,383
262,382
262,381
262,380
262,379
262,378
262,377
262,376
262,375
262,374
262,373
262,372
262,371
262,370
262,369
262,368
262,367
262,366
262,365
262,364
262,363
262,362
262,361
262,360
262,359
262,358
262,357
262,356
262,355
262,354
262,353
262,352
262,351
262,350
262,349
262,348
262,347
262,346
262,345
262,344
262,343
262,342
262,341
262,340
262,339
262,338
262,337
262,336
262,335
262,334
262,333
262,332
262,331
262,330
262,329
262,328
262,327
262,326
262,325
262,324
262,323
262,322
262,321
262,320
262,319
262,318
262,317
262,316
262,315
262,314
262,313
262,312
262,311
262,310
262,309
262,308
262,307
262,306
262,305
262,304
262,303
262,302
262,301
262,300
262,299
262,298
262,297
262,296
262,295
262,294
262,293
262,292
262,291
262,290
262,289
262,288
262,287
262,286
262,285
262,284
262,283
262,282
262,281
262,280
262,279
262,278
262,277
262,276
262,275
262,274
262,273
262,272
262,271
262,270
262,269
262,268
262,267
262,266
262,265
262,264
262,263
262,262
262,261
262,260
262,259
262,258
262,257
262,256
262,255
262,254
262,253
262,252
262,251
262,250
262,249
262,248
262,247
262,246
262,245
262,244
262,243
262,242
262,241
262,240
262,239
262,238
262,237
262,236
262,235
262,234
262,233
262,232
262,231
262,230
262,229
262,228
262,227
262,226
262,225
262,224
262,223
262,222
262,221
262,220
262,219
262,218
262,217
262,216
262,215
262,214
262,213
262,212
262,211
262,210
262,209
262,208
262,207
262,206
262,205
262,204
262,203
262,202
262,201
262,200
262,199
262,198
262,197
262,196
262,195
262,194
262,193
262,192
262,191
262,190
262,189
262,188
262,187
262,186
262,185
262,184
262,183
262,182
262,181
262,180
262,179
262,178
262,177
262,176
262,175
262,174
262,173
262,172
262,171
262,170
262,169
262,168
262,167
262,166
262,165
262,164
